Turn Dominance:
  er_nurse: 0.142857
  consult_surgeon: 0.095238
  er_physician: 0.238095
  er_tech: 0.095238
  emt: 0.380952
  finalizer: 0.047619

Token Dominance:
  er_nurse: 0.212285
  consult_surgeon: 0.220639
  er_physician: 0.215725
  er_tech: 0.063391
  emt: 0.287469
  finalizer: 0.000491

Conversation Length (tokens): 2035
