Turn Dominance:
  emt: 0.142857
  consult_surgeon: 0.095238
  er_tech: 0.285714
  er_physician: 0.238095
  er_nurse: 0.190476
  finalizer: 0.047619

Token Dominance:
  emt: 0.170783
  consult_surgeon: 0.120797
  er_tech: 0.187444
  er_physician: 0.388277
  er_nurse: 0.132401
  finalizer: 0.000298

Conversation Length (tokens): 3361
