Turn Dominance:
  agent1: 0.333333
  agent3: 0.190476
  agent2: 0.428571
  finalizer: 0.047619

Token Dominance:
  agent1: 0.318750
  agent3: 0.222917
  agent2: 0.457292
  finalizer: 0.001042

Conversation Length (tokens): 960
