Turn Dominance:
  agent1: 0.333333
  agent3: 0.190476
  agent2: 0.428571
  finalizer: 0.047619

Token Dominance:
  agent1: 0.362740
  agent3: 0.284380
  agent2: 0.352361
  finalizer: 0.000519

Conversation Length (tokens): 1927
