Turn Dominance:
  agent2: 0.333333
  agent3: 0.285714
  agent1: 0.333333
  finalizer: 0.047619

Token Dominance:
  agent2: 0.297158
  agent3: 0.333333
  agent1: 0.368648
  finalizer: 0.000861

Conversation Length (tokens): 1161
