Turn Dominance:
  agent2: 0.333333
  agent3: 0.285714
  agent1: 0.333333
  finalizer: 0.047619

Token Dominance:
  agent2: 0.388776
  agent3: 0.227551
  agent1: 0.383333
  finalizer: 0.000340

Conversation Length (tokens): 2940
