Turn Dominance:
  er_physician: 0.190476
  emt: 0.095238
  consult_surgeon: 0.285714
  er_tech: 0.142857
  er_nurse: 0.238095
  finalizer: 0.047619

Token Dominance:
  er_physician: 0.299917
  emt: 0.130489
  consult_surgeon: 0.259321
  er_tech: 0.095278
  er_nurse: 0.214582
  finalizer: 0.000414

Conversation Length (tokens): 2414
