Turn Dominance:
  consult_surgeon: 0.142857
  er_tech: 0.333333
  emt: 0.190476
  er_physician: 0.238095
  er_nurse: 0.047619
  finalizer: 0.047619

Token Dominance:
  consult_surgeon: 0.244466
  er_tech: 0.357600
  emt: 0.134284
  er_physician: 0.215445
  er_nurse: 0.047713
  finalizer: 0.000492

Conversation Length (tokens): 2033
