Turn Dominance:
  consult_surgeon: 0.142857
  er_tech: 0.333333
  emt: 0.190476
  er_physician: 0.238095
  er_nurse: 0.047619
  finalizer: 0.047619

Token Dominance:
  consult_surgeon: 0.143719
  er_tech: 0.330653
  emt: 0.243216
  er_physician: 0.232161
  er_nurse: 0.049246
  finalizer: 0.001005

Conversation Length (tokens): 995
