Turn Dominance:
  consult_surgeon: 0.380952
  emt: 0.190476
  er_tech: 0.142857
  er_physician: 0.095238
  er_nurse: 0.142857
  finalizer: 0.047619

Token Dominance:
  consult_surgeon: 0.378812
  emt: 0.323167
  er_tech: 0.130551
  er_physician: 0.081862
  er_nurse: 0.085072
  finalizer: 0.000535

Conversation Length (tokens): 1869
