Turn Dominance:
  er_physician: 0.380952
  consult_surgeon: 0.095238
  er_tech: 0.238095
  emt: 0.047619
  er_nurse: 0.190476
  finalizer: 0.047619

Token Dominance:
  er_physician: 0.472204
  consult_surgeon: 0.144473
  er_tech: 0.195217
  emt: 0.037492
  er_nurse: 0.150291
  finalizer: 0.000323

Conversation Length (tokens): 3094
