Turn Dominance:
  er_tech: 0.238095
  er_physician: 0.238095
  er_nurse: 0.190476
  consult_surgeon: 0.142857
  emt: 0.142857
  finalizer: 0.047619

Token Dominance:
  er_tech: 0.363742
  er_physician: 0.188635
  er_nurse: 0.149981
  consult_surgeon: 0.109393
  emt: 0.187862
  finalizer: 0.000387

Conversation Length (tokens): 2587
