Turn Dominance:
  agent3: 0.238095
  agent2: 0.428571
  agent1: 0.285714
  finalizer: 0.047619

Token Dominance:
  agent3: 0.348010
  agent2: 0.381279
  agent1: 0.270385
  finalizer: 0.000326

Conversation Length (tokens): 3066
