Turn Dominance:
  agent2: 0.380952
  agent3: 0.380952
  agent1: 0.190476
  finalizer: 0.047619

Token Dominance:
  agent2: 0.499606
  agent3: 0.331496
  agent1: 0.168504
  finalizer: 0.000394

Conversation Length (tokens): 2540
