Turn Dominance:
  agent2: 0.380952
  agent3: 0.380952
  agent1: 0.190476
  finalizer: 0.047619

Token Dominance:
  agent2: 0.368476
  agent3: 0.439457
  agent1: 0.191023
  finalizer: 0.001044

Conversation Length (tokens): 958
