Turn Dominance:
  agent1: 0.523810
  agent3: 0.238095
  agent2: 0.190476
  finalizer: 0.047619

Token Dominance:
  agent1: 0.570573
  agent3: 0.288281
  agent2: 0.140861
  finalizer: 0.000285

Conversation Length (tokens): 3507
