Turn Dominance:
  agent2: 0.190476
  agent1: 0.428571
  agent3: 0.333333
  finalizer: 0.047619

Token Dominance:
  agent2: 0.330060
  agent1: 0.394940
  agent3: 0.274702
  finalizer: 0.000298

Conversation Length (tokens): 3360
