Turn Dominance:
  emt: 0.333333
  consult_surgeon: 0.190476
  er_physician: 0.142857
  er_nurse: 0.142857
  er_tech: 0.142857
  finalizer: 0.047619

Token Dominance:
  emt: 0.282158
  consult_surgeon: 0.245851
  er_physician: 0.178423
  er_nurse: 0.128631
  er_tech: 0.163900
  finalizer: 0.001037

Conversation Length (tokens): 964
