Turn Dominance:
  emt: 0.333333
  consult_surgeon: 0.190476
  er_physician: 0.142857
  er_nurse: 0.142857
  er_tech: 0.142857
  finalizer: 0.047619

Token Dominance:
  emt: 0.385879
  consult_surgeon: 0.219853
  er_physician: 0.144355
  er_nurse: 0.136316
  er_tech: 0.113247
  finalizer: 0.000350

Conversation Length (tokens): 2861
