Turn Dominance:
  agent3: 0.333333
  agent1: 0.380952
  agent2: 0.238095
  finalizer: 0.047619

Token Dominance:
  agent3: 0.285134
  agent1: 0.409437
  agent2: 0.305175
  finalizer: 0.000254

Conversation Length (tokens): 3942
