Turn Dominance:
  consult_surgeon: 0.190476
  er_physician: 0.285714
  er_tech: 0.095238
  emt: 0.190476
  er_nurse: 0.190476
  finalizer: 0.047619

Token Dominance:
  consult_surgeon: 0.234663
  er_physician: 0.352761
  er_tech: 0.040389
  emt: 0.149540
  er_nurse: 0.222393
  finalizer: 0.000256

Conversation Length (tokens): 3912
