Turn Dominance:
  agent1: 0.285714
  agent3: 0.285714
  agent2: 0.380952
  finalizer: 0.047619

Token Dominance:
  agent1: 0.299196
  agent3: 0.255731
  agent2: 0.444775
  finalizer: 0.000298

Conversation Length (tokens): 3359
