Turn Dominance:
  er_tech: 0.333333
  er_physician: 0.190476
  emt: 0.095238
  consult_surgeon: 0.190476
  er_nurse: 0.142857
  finalizer: 0.047619

Token Dominance:
  er_tech: 0.327909
  er_physician: 0.290887
  emt: 0.134662
  consult_surgeon: 0.129373
  er_nurse: 0.116762
  finalizer: 0.000407

Conversation Length (tokens): 2458
