Turn Dominance:
  er_tech: 0.380952
  consult_surgeon: 0.095238
  er_nurse: 0.095238
  emt: 0.238095
  er_physician: 0.142857
  finalizer: 0.047619

Token Dominance:
  er_tech: 0.337540
  consult_surgeon: 0.161726
  er_nurse: 0.086880
  emt: 0.140886
  er_physician: 0.272674
  finalizer: 0.000294

Conversation Length (tokens): 3407
