Dominance:
  emt: 0.25
  summarizer: 0.2
  consult_surgeon: 0.2
  er_physician: 0.1
  er_nurse: 0.15
  er_tech: 0.1

Entropy: 2.5037016951917312
Semantic drift: 0.24542357813282456
Repetition ratio: 1.0
Final present: False
