Turn Dominance:
  agent3: 0.285714
  agent2: 0.333333
  agent1: 0.333333
  finalizer: 0.047619

Token Dominance:
  agent3: 0.300254
  agent2: 0.333333
  agent1: 0.365140
  finalizer: 0.001272

Conversation Length (tokens): 786
