Turn Dominance:
  agent3: 0.285714
  agent2: 0.333333
  agent1: 0.333333
  finalizer: 0.047619

Token Dominance:
  agent3: 0.257170
  agent2: 0.455118
  agent1: 0.287480
  finalizer: 0.000233

Conversation Length (tokens): 4289
