Turn Dominance:
  er_physician: 0.142857
  er_tech: 0.285714
  consult_surgeon: 0.190476
  emt: 0.095238
  er_nurse: 0.238095
  finalizer: 0.047619

Token Dominance:
  er_physician: 0.163423
  er_tech: 0.329136
  consult_surgeon: 0.210933
  emt: 0.140527
  er_nurse: 0.155695
  finalizer: 0.000286

Conversation Length (tokens): 3494
