Turn Dominance:
  agent1: 0.333333
  agent3: 0.238095
  agent2: 0.380952
  finalizer: 0.047619

Token Dominance:
  agent1: 0.355834
  agent3: 0.258720
  agent2: 0.385194
  finalizer: 0.000251

Conversation Length (tokens): 3985
