Turn Dominance:
  agent2: 0.380952
  agent1: 0.428571
  agent3: 0.142857
  finalizer: 0.047619

Token Dominance:
  agent2: 0.402145
  agent1: 0.436997
  agent3: 0.159517
  finalizer: 0.001340

Conversation Length (tokens): 746
