Turn Dominance:
  agent2: 0.380952
  agent1: 0.428571
  agent3: 0.142857
  finalizer: 0.047619

Token Dominance:
  agent2: 0.531583
  agent1: 0.382007
  agent3: 0.086136
  finalizer: 0.000273

Conversation Length (tokens): 3657
