Turn Dominance:
  consult_surgeon: 0.333333
  emt: 0.095238
  er_physician: 0.238095
  er_nurse: 0.047619
  er_tech: 0.238095
  finalizer: 0.047619

Token Dominance:
  consult_surgeon: 0.464811
  emt: 0.113971
  er_physician: 0.202206
  er_nurse: 0.054622
  er_tech: 0.163866
  finalizer: 0.000525

Conversation Length (tokens): 1904
