Turn Dominance:
  er_physician: 0.142857
  emt: 0.142857
  er_tech: 0.095238
  consult_surgeon: 0.333333
  er_nurse: 0.238095
  finalizer: 0.047619

Token Dominance:
  er_physician: 0.083560
  emt: 0.094460
  er_tech: 0.116258
  consult_surgeon: 0.389646
  er_nurse: 0.315168
  finalizer: 0.000908

Conversation Length (tokens): 1101
