Turn Dominance:
  er_physician: 0.142857
  emt: 0.142857
  er_tech: 0.095238
  consult_surgeon: 0.333333
  er_nurse: 0.238095
  finalizer: 0.047619

Token Dominance:
  er_physician: 0.197105
  emt: 0.116107
  er_tech: 0.061903
  consult_surgeon: 0.466585
  er_nurse: 0.157992
  finalizer: 0.000308

Conversation Length (tokens): 3247
