Turn Dominance:
  agent3: 0.428571
  agent1: 0.380952
  agent2: 0.142857
  finalizer: 0.047619

Token Dominance:
  agent3: 0.351171
  agent1: 0.566332
  agent2: 0.081382
  finalizer: 0.001115

Conversation Length (tokens): 897
