Turn Dominance:
  agent3: 0.428571
  agent1: 0.380952
  agent2: 0.142857
  finalizer: 0.047619

Token Dominance:
  agent3: 0.482476
  agent1: 0.364113
  agent2: 0.153200
  finalizer: 0.000210

Conversation Length (tokens): 4765
