Turn Dominance:
  agent1: 0.380952
  agent3: 0.285714
  agent2: 0.285714
  finalizer: 0.047619

Token Dominance:
  agent1: 0.467980
  agent3: 0.296798
  agent2: 0.233990
  finalizer: 0.001232

Conversation Length (tokens): 812
