Turn Dominance:
  agent1: 0.380952
  agent3: 0.285714
  agent2: 0.285714
  finalizer: 0.047619

Token Dominance:
  agent1: 0.448076
  agent3: 0.262370
  agent2: 0.289249
  finalizer: 0.000305

Conversation Length (tokens): 3274
