Turn Dominance:
  agent2: 0.333333
  agent3: 0.476190
  agent1: 0.142857
  finalizer: 0.047619

Token Dominance:
  agent2: 0.359196
  agent3: 0.438022
  agent1: 0.202473
  finalizer: 0.000309

Conversation Length (tokens): 3235
