Turn Dominance:
  agent2: 0.333333
  agent3: 0.476190
  agent1: 0.142857
  finalizer: 0.047619

Token Dominance:
  agent2: 0.372005
  agent3: 0.472888
  agent1: 0.153846
  finalizer: 0.001261

Conversation Length (tokens): 793
