Turn Dominance:
  agent1: 0.428571
  agent2: 0.333333
  agent3: 0.190476
  finalizer: 0.047619

Token Dominance:
  agent1: 0.609075
  agent2: 0.283773
  agent3: 0.106896
  finalizer: 0.000256

Conversation Length (tokens): 3901
