Turn Dominance:
  consult_surgeon: 0.380952
  er_tech: 0.142857
  emt: 0.190476
  er_physician: 0.095238
  er_nurse: 0.142857
  finalizer: 0.047619

Token Dominance:
  consult_surgeon: 0.384537
  er_tech: 0.158339
  emt: 0.239028
  er_physician: 0.084740
  er_nurse: 0.133018
  finalizer: 0.000338

Conversation Length (tokens): 2962
