Turn Dominance:
  consult_surgeon: 0.380952
  er_tech: 0.142857
  emt: 0.190476
  er_physician: 0.095238
  er_nurse: 0.142857
  finalizer: 0.047619

Token Dominance:
  consult_surgeon: 0.420060
  er_tech: 0.096326
  emt: 0.192651
  er_physician: 0.131082
  er_nurse: 0.158888
  finalizer: 0.000993

Conversation Length (tokens): 1007
