Turn Dominance:
  er_physician: 0.333333
  consult_surgeon: 0.095238
  emt: 0.238095
  er_nurse: 0.285714
  finalizer: 0.047619

Token Dominance:
  er_physician: 0.502183
  consult_surgeon: 0.161087
  emt: 0.151383
  er_nurse: 0.184862
  finalizer: 0.000485

Conversation Length (tokens): 2061
