Turn Dominance:
  consult_surgeon: 0.333333
  er_physician: 0.142857
  er_nurse: 0.238095
  emt: 0.190476
  er_tech: 0.047619
  finalizer: 0.047619

Token Dominance:
  consult_surgeon: 0.352806
  er_physician: 0.127148
  er_nurse: 0.284078
  emt: 0.177549
  er_tech: 0.057274
  finalizer: 0.001145

Conversation Length (tokens): 873
