Turn Dominance:
  consult_surgeon: 0.333333
  er_physician: 0.142857
  er_nurse: 0.238095
  emt: 0.190476
  er_tech: 0.047619
  finalizer: 0.047619

Token Dominance:
  consult_surgeon: 0.455098
  er_physician: 0.158140
  er_nurse: 0.186762
  emt: 0.156351
  er_tech: 0.043292
  finalizer: 0.000358

Conversation Length (tokens): 2795
