Turn Dominance:
  agent2: 0.190476
  agent3: 0.333333
  agent1: 0.428571
  finalizer: 0.047619

Token Dominance:
  agent2: 0.219888
  agent3: 0.501050
  agent1: 0.278711
  finalizer: 0.000350

Conversation Length (tokens): 2856
