Turn Dominance:
  agent1: 0.142857
  agent2: 0.428571
  agent3: 0.380952
  finalizer: 0.047619

Token Dominance:
  agent1: 0.164479
  agent2: 0.453255
  agent3: 0.381998
  finalizer: 0.000268

Conversation Length (tokens): 3733
