Turn Dominance:
  er_nurse: 0.142857
  emt: 0.190476
  er_tech: 0.238095
  er_physician: 0.142857
  consult_surgeon: 0.238095
  finalizer: 0.047619

Token Dominance:
  er_nurse: 0.210910
  emt: 0.195544
  er_tech: 0.211295
  er_physician: 0.133692
  consult_surgeon: 0.248175
  finalizer: 0.000384

Conversation Length (tokens): 2603
