Turn Dominance:
  er_nurse: 0.142857
  emt: 0.190476
  er_tech: 0.238095
  er_physician: 0.142857
  consult_surgeon: 0.238095
  finalizer: 0.047619

Token Dominance:
  er_nurse: 0.125227
  emt: 0.205082
  er_tech: 0.284936
  er_physician: 0.120690
  consult_surgeon: 0.263158
  finalizer: 0.000907

Conversation Length (tokens): 1102
