Turn Dominance:
  agent3: 0.476190
  agent2: 0.333333
  agent1: 0.142857
  finalizer: 0.047619

Token Dominance:
  agent3: 0.493671
  agent2: 0.310127
  agent1: 0.194937
  finalizer: 0.001266

Conversation Length (tokens): 790
