Turn Dominance:
  agent3: 0.476190
  agent2: 0.333333
  agent1: 0.142857
  finalizer: 0.047619

Token Dominance:
  agent3: 0.449860
  agent2: 0.464585
  agent1: 0.085301
  finalizer: 0.000254

Conversation Length (tokens): 3939
