Turn Dominance:
  agent1: 0.238095
  agent3: 0.523810
  agent2: 0.190476
  finalizer: 0.047619

Token Dominance:
  agent1: 0.250951
  agent3: 0.572877
  agent2: 0.175856
  finalizer: 0.000317

Conversation Length (tokens): 3156
