Turn Dominance:
  agent1: 0.238095
  agent3: 0.523810
  agent2: 0.190476
  finalizer: 0.047619

Token Dominance:
  agent1: 0.219807
  agent3: 0.550725
  agent2: 0.228261
  finalizer: 0.001208

Conversation Length (tokens): 828
