Turn Dominance:
  er_physician: 0.142857
  emt: 0.190476
  er_tech: 0.285714
  consult_surgeon: 0.142857
  er_nurse: 0.190476
  finalizer: 0.047619

Token Dominance:
  er_physician: 0.229263
  emt: 0.239587
  er_tech: 0.252403
  consult_surgeon: 0.140263
  er_nurse: 0.138127
  finalizer: 0.000356

Conversation Length (tokens): 2809
