Turn Dominance:
  agent3: 0.333333
  agent1: 0.333333
  agent2: 0.285714
  finalizer: 0.047619

Token Dominance:
  agent3: 0.509148
  agent1: 0.283019
  agent2: 0.207547
  finalizer: 0.000286

Conversation Length (tokens): 3498
