Turn Dominance:
  er_nurse: 0.285714
  consult_surgeon: 0.238095
  emt: 0.238095
  er_physician: 0.190476
  finalizer: 0.047619

Token Dominance:
  er_nurse: 0.320221
  consult_surgeon: 0.258799
  emt: 0.231884
  er_physician: 0.188751
  finalizer: 0.000345

Conversation Length (tokens): 2898
